77,54,37,44,42,29,34,34,29,53,35,35,29,33,29,36,30,46,50,35,34,29,29,34,29,29,33,30,30,30,49,51,32,30,31,31,31,30,38,30,30,30,30,31,29,30,30,31,31,31,30,31,30,30,29,29,32,30,30,30,32,30,29,30,31,30,30,31,30,31,31,30,30,31,30,30,31,30,31,29,29,31,30,30,30,30,31,30,30,31,30,29,31,30,31,30,30,29,29,31
Mean: 32
43,19,29,19,18,17,17,17,18,18,17,17,17,18,18,17,18,19,17,17,18,18,17,18,18,17,17,17,17,18,18,17,17,17,17,17,18,17,18,17,17,17,17,17,18,17,18,17,17,17,18,17,17,17,17,17,17,19,17,18,17,18,18,17,17,17,17,17,17,18,17,17,17,18,18,17,17,17,18,18,17,18,19,17,17,17,18,17,18,18,17,17,17,17,19,18,17,17,17,17
Mean: 17
32,24,18,19,17,17,17,17,18,17,19,17,18,17,17,17,17,18,17,17,17,17,17,17,18,17,18,17,18,17,17,17,17,17,17,18,17,17,17,18,19,17,18,17,17,17,17,17,17,17,17,17,17,17,18,18,17,16,18,17,17,18,17,17,17,16,16,17,17,18,16,17,17,16,16,16,18,16,17,17,17,17,16,16,18,17,16,17,17,16,16,16,17,16,16,16,16,16,17,18
Mean: 17

91,61,43,42,38,28,33,33,36,44,33,28,34,28,32,28,51,47,33,29,28,33,29,29,32,28,28,41,49,49,33,30,29,28,28,28,30,28,28,28,30,28,28,28,28,30,31,28,28,30,29,28,28,28,29,29,28,28,30,28,28,29,28,30,28,28,28,29,28,28,28,28,30,29,28,28,29,28,28,28,28,30,28,28,35,30,29,28,29,29,30,28,28,28,29,28,28,28,29,30
Mean: 31
40,18,28,19,19,19,19,19,19,19,19,20,19,21,19,19,19,19,19,19,19,19,19,19,19,19,19,19,19,20,22,19,19,19,19,19,19,19,19,19,27,27,21,19,19,20,19,19,19,19,19,19,19,19,19,19,19,19,19,19,19,19,19,19,22,19,19,19,19,19,19,19,19,19,19,20,19,19,19,19,19,20,19,19,19,19,19,19,19,19,19,19,19,19,20,19,19,19,19,19
Mean: 19
36,24,23,22,20,17,17,17,17,17,16,16,16,18,17,17,17,17,17,16,16,17,17,17,16,16,17,16,17,18,17,17,17,17,17,16,16,17,16,16,16,16,18,17,19,17,16,16,16,17,16,16,16,16,16,16,16,16,16,16,18,17,16,16,16,16,16,16,16,16,16,16,16,16,16,18,16,17,16,16,16,16,16,17,16,16,16,16,16,16,16,17,16,16,16,16,17,17,16,16
Mean: 16

100,73,43,44,41,31,37,36,40,47,35,31,36,31,35,31,50,51,31,35,31,31,35,31,35,31,31,39,51,48,31,32,32,31,31,34,31,31,31,31,31,31,31,31,33,32,31,31,31,31,32,31,35,31,31,31,32,31,30,31,32,31,31,31,31,31,31,31,30,33,31,30,30,33,32,32,41,35,31,31,31,32,31,31,30,32,31,30,31,31,31,34,39,32,30,30,31,31,33,31
Mean: 34
39,18,28,18,19,20,19,19,20,18,19,19,19,20,19,18,19,19,19,18,19,19,18,19,19,18,18,18,18,19,18,18,19,19,19,19,18,18,19,20,18,19,18,18,19,19,18,18,18,19,18,19,18,18,18,19,18,18,19,18,18,18,19,18,18,19,19,18,18,19,18,19,19,19,18,20,18,18,18,19,18,19,19,18,18,19,23,18,19,18,18,18,18,18,19,18,19,18,19,19
Mean: 18
31,24,44,21,17,17,17,17,17,17,17,17,17,17,17,17,21,17,17,17,17,17,17,17,17,17,17,17,17,17,19,17,17,17,17,17,17,17,17,17,17,17,17,17,17,19,17,17,17,17,18,17,16,17,17,17,17,17,17,19,17,17,17,17,17,17,17,17,17,17,17,16,17,17,17,17,17,17,17,17,17,16,17,17,17,17,17,17,18,17,16,17,17,17,16,17,16,17,17,17
Mean: 17

