103,76,54,37,46,36,49,42,37,38,37,40,36,38,38,36,40,36,38,36,36,38,37,43,46,36,38,37,36,44,36,36,38,36,37,45,48,36,36,41,38,36,38,36,37,36,40,36,36,36,39,36,36,41,36,36,36,39,36,37,39,37,37,36,38,36,37,37,39,36,36,37,36,36,37,37,36,37,38,38,36,36,38,36,36,36,40,37,37,38,37,36,36,38,36,36,36,44,36,37
Mean: 38
53,22,34,28,23,23,23,23,25,23,23,23,24,26,25,23,27,23,23,23,23,23,23,23,23,24,23,23,23,24,24,23,23,23,23,23,23,23,23,23,23,23,23,25,26,24,24,23,23,24,23,23,23,23,23,23,23,25,23,24,23,23,23,23,24,26,23,23,23,25,24,25,24,23,23,23,23,23,23,23,23,23,23,23,24,23,23,23,23,23,24,23,23,23,24,23,23,23,24,23
Mean: 23
37,30,22,22,21,21,21,21,21,21,21,23,21,21,21,21,21,21,21,21,21,21,21,23,21,21,21,21,21,22,21,21,22,21,21,21,23,22,22,21,21,21,21,21,21,21,21,21,22,22,22,22,22,22,21,21,21,21,21,21,21,22,21,20,20,20,20,21,21,21,21,21,21,21,20,21,20,20,20,21,20,21,21,20,20,20,21,20,21,20,21,20,20,20,21,21,21,21,21,21
Mean: 21

91,64,49,43,60,53,41,46,41,46,41,41,45,41,41,63,48,41,46,41,41,46,42,42,41,46,42,41,50,59,48,41,45,46,42,41,41,47,41,41,41,46,41,40,41,41,56,56,41,41,41,42,41,42,40,41,41,47,42,41,42,41,43,41,41,40,41,46,41,41,42,41,43,45,41,41,41,41,45,41,42,41,41,47,41,41,41,41,41,45,41,41,41,41,52,41,41,41,41,44
Mean: 44
55,25,36,27,26,26,26,27,26,26,27,26,26,26,27,26,26,26,28,26,27,26,27,26,26,26,26,26,26,26,26,26,26,26,27,26,26,26,28,26,26,29,26,26,26,26,26,28,26,26,26,26,27,26,26,26,26,26,26,27,26,26,26,28,26,26,26,26,26,26,26,26,26,26,26,26,26,26,26,27,27,26,26,28,27,27,26,26,26,26,26,26,26,27,26,26,26,27,26,29
Mean: 26
40,33,28,25,24,24,24,24,24,24,24,24,24,23,24,24,24,26,25,24,24,24,24,24,24,24,24,24,24,24,24,24,24,24,24,23,26,23,24,23,23,23,23,23,23,23,24,24,25,23,23,23,23,24,26,25,25,25,24,24,24,24,24,24,24,23,23,23,23,23,23,24,25,24,23,24,23,23,24,23,23,23,23,23,23,23,23,23,23,23,23,25,24,23,23,23,23,23,23,23
Mean: 24

93,68,46,49,43,61,42,43,41,41,42,41,42,41,41,42,41,42,41,42,41,41,42,41,45,54,41,52,41,41,44,42,42,44,41,42,48,56,41,41,43,41,41,41,43,41,41,51,41,41,41,43,41,41,42,41,41,41,42,41,41,42,43,41,41,42,44,41,41,44,41,41,41,44,41,41,47,41,41,41,44,41,41,42,44,41,41,44,41,41,41,42,41,41,41,44,41,42,46,42
Mean: 43
45,25,36,25,25,25,25,25,25,26,25,26,25,25,25,25,25,25,25,25,25,25,26,26,25,25,25,26,25,25,25,25,25,25,25,25,26,26,25,25,25,26,25,25,25,25,25,25,25,25,26,26,25,25,25,25,25,25,25,25,25,25,25,25,26,26,25,25,25,25,25,25,25,25,25,25,26,26,25,25,25,25,25,25,25,25,25,25,25,25,25,26,25,25,25,25,25,25,25,25
Mean: 25
39,30,24,24,25,23,23,23,24,23,23,23,23,23,23,23,23,25,24,24,24,23,23,23,23,23,23,23,23,23,24,23,23,23,23,23,23,23,23,23,23,23,25,24,24,24,24,23,23,23,23,23,23,23,23,25,24,24,24,24,24,24,24,24,24,24,24,25,23,23,23,23,23,23,23,23,23,23,23,23,24,23,23,23,23,23,23,23,23,23,23,23,23,24,23,23,23,23,23,23
Mean: 23

